    5.00050e+05
    5.00050e+05
    5.00050e+05
    4.99950e+05
    5.00050e+05
    5.00050e+05
    4.99950e+05
    5.00050e+05
    5.00050e+05
    5.00050e+05
    5.00050e+05
    5.00050e+05
    5.00050e+05
    4.99950e+05
    5.00050e+05
    5.00050e+05
    4.99950e+05
    5.00050e+05
    5.00050e+05
    5.00050e+05
    5.00050e+05
    5.00050e+05
    5.00050e+05
    4.99950e+05
    5.00050e+05
    5.00050e+05
    4.99950e+05
    5.00050e+05
    5.00050e+05
    5.00050e+05
    4.99950e+05
    4.99950e+05
    4.99950e+05
    5.00050e+05
    4.99950e+05
    4.99950e+05
    5.00050e+05
    4.99950e+05
    4.99950e+05
    4.99950e+05
    5.00050e+05
    5.00050e+05
    5.00050e+05
    4.99950e+05
    5.00050e+05
    5.00050e+05
    4.99950e+05
    5.00050e+05
    5.00050e+05
    5.00050e+05
    5.00050e+05
    5.00050e+05
    5.00050e+05
    4.99950e+05
    5.00050e+05
    5.00050e+05
    4.99950e+05
    5.00050e+05
    5.00050e+05
    5.00050e+05
    4.99950e+05
    4.99950e+05
    4.99950e+05
    5.00050e+05
    4.99950e+05
    4.99950e+05
    5.00050e+05
    4.99950e+05
    4.99950e+05
    4.99950e+05
    5.00050e+05
    5.00050e+05
    5.00050e+05
    4.99950e+05
    5.00050e+05
    5.00050e+05
    4.99950e+05
    5.00050e+05
    5.00050e+05
    5.00050e+05
    5.00050e+05
    5.00050e+05
    5.00050e+05
    4.99950e+05
    5.00050e+05
    5.00050e+05
    4.99950e+05
    5.00050e+05
    5.00050e+05
    5.00050e+05
    5.00050e+05
    5.00050e+05
    5.00050e+05
    4.99950e+05
    5.00050e+05
    5.00050e+05
    4.99950e+05
    5.00050e+05
    5.00050e+05
    5.00050e+05
