    1.000988149752505e+00
    1.000983388772617e+00
    1.000969151689554e+00
    1.000945575598067e+00
    1.000912887522591e+00
    1.000871402231885e+00
    1.000821519208990e+00
    1.000763718805641e+00
    1.000698557618107e+00
    1.000626663128901e+00
    1.000548727665915e+00
    1.000465501737044e+00
    1.000377786804437e+00
    1.000286427567856e+00
    1.000192303831409e+00
    1.000096322031918e+00
    9.999994065104346e-01
    9.999024906109579e-01
    9.998065076920288e-01
    9.997123821377673e-01
    9.996210204549300e-01
    9.995333025417439e-01
    9.994500732126522e-01
    9.993721340606382e-01
    9.993002357355584e-01
    9.992350707129318e-01
    9.991772666228966e-01
    9.991273802036551e-01
    9.990858919377444e-01
    9.990532014228332e-01
    9.990296235217332e-01
    9.990153853287351e-01
    9.990106239815661e-01
    9.990153853400516e-01
    9.990296235442554e-01
    9.990532014563434e-01
    9.990858919819129e-01
    9.991273802580535e-01
    9.991772666869935e-01
    9.992350707861044e-01
    9.993002358170932e-01
    9.993721341497430e-01
    9.994500733084620e-01
    9.995333026433294e-01
    9.996210205613066e-01
    9.997123822479053e-01
    9.998065078048628e-01
    9.999024907253982e-01
    9.999994066253790e-01
    1.000096322146259e+00
    1.000192303944047e+00
    1.000286427677707e+00
    1.000377786910450e+00
    1.000465501838202e+00
    1.000548727761249e+00
    1.000626663217501e+00
    1.000698557699127e+00
    1.000763718878309e+00
    1.000821519272611e+00
    1.000871402285855e+00
    1.000912887566397e+00
    1.000945575631291e+00
    1.000969151711880e+00
    1.000983388783833e+00
